"ConcaveL"	"LinearL"	"ConvexL"	"ConcaveH"	"LinearH"	"ConvexH"
0.400890304201034	0.39970372028566	0.399767847997729	0.388711887410531	0.402117655064058	0.397547841567865
0.399941872036193	0.400152857653487	0.399800534955761	0.405820760119736	0.397031226817263	0.400726120478315
0.39997225059032	0.400105438677684	0.399838674682449	0.396554165218606	0.399574062219874	0.397549374377804
0.400362899311149	0.400191450441843	0.39999125463866	0.402145782842976	0.392222327120283	0.398639107082431
0.400180936523282	0.400106139751644	0.39995759791748	0.399885233531689	0.398608589718067	0.401776833976761
0.399580712730901	0.399958220986167	0.399895875811831	0.399703940399094	0.399093697430797	0.398529730209698
0.399798053236034	0.40007289063844	0.400723175153559	0.406045193177986	0.403965852618022	0.397129312755712
0.400210487549774	0.399971266562944	0.399801357482095	0.399312143966514	0.396772071875494	0.398932667398277
0.40012045996546	0.399990954959511	0.399820144741848	0.394982583869426	0.3981852025885	0.398308840673452
0.400688264131956	0.400209141757849	0.40049651538451	0.40338741765042	0.39992262895399	0.394421024844859
0.400060123724018	0.400433134224042	0.4004886810671	0.399327004801104	0.39795045395495	0.398519832446089
0.400146835051494	0.400132533493426	0.399963213888496	0.399063411665502	0.400581200791839	0.39768171110273
0.400332657794459	0.400159413018084	0.399961404496907	0.399052253288471	0.396726119814511	0.397222413283634
0.400186723642439	0.399985485866875	0.399626921093937	0.400384083823803	0.398842666069591	0.396475841356277
0.400422471181742	0.400019441180871	0.399926596854322	0.398275501033673	0.399484565553227	0.396633608237449
0.400367646849164	0.400031676598123	0.399809249600078	0.39767918144064	0.399846940848517	0.397267540134774
0.40030128235051	0.400188543071841	0.400233629317828	0.399041822183749	0.40328994883865	0.399906059852862
0.400067852100406	0.399966305807136	0.399877287154161	0.391543644874273	0.398178923130565	0.400904209087411
0.400003233015324	0.399933395932583	0.399952594856784	0.396531889832239	0.396167863767673	0.397112081578987
0.400199080062794	0.400060584860186	0.399758197448973	0.400324060406809	0.398915309494474	0.395288827393794
0.400398074291475	0.400094306108666	0.399634576933711	0.3982663393487	0.396577354989387	0.402102290265826
0.400200686233767	0.399953551224708	0.399900005562286	0.399385345831097	0.396045450935732	0.400963317462392
0.399554377382608	0.400301440564556	0.40018584849296	0.399634625508798	0.400556970495474	0.400304064597495
0.399805358844111	0.40003273744847	0.399958350905883	0.40005794129444	0.395617452771329	0.395535290474672
0.400513988771961	0.400325254781492	0.399842880879828	0.399197110465807	0.398800567279415	0.39906377240214
0.400629268112759	0.400120124449659	0.400052984928176	0.401101814129934	0.397659159900705	0.398170042244715
0.399872367591826	0.400112007552011	0.400153781563682	0.399799793004971	0.39664750505854	0.399537563238845
0.399942533291334	0.400395648703636	0.399806799008745	0.397717774629916	0.401647162213859	0.399916528998995
0.400302382757624	0.399955358736035	0.400318454131894	0.397249544668976	0.399709569966687	0.398568202456264
0.40012605493608	0.399968287708869	0.400082178942375	0.398418132922934	0.401188351540585	0.400080938504451
0.40009098963035	0.400050792503016	0.400263431659692	0.397869124918716	0.397681723424319	0.401545699389448
0.399634757377362	0.40010988918968	0.400575788133822	0.401428078206409	0.398361517206754	0.402521888172467
0.399972288672684	0.400088894644911	0.399914841770924	0.397170266093006	0.398157226190174	0.400883556214963
0.400223720134405	0.400109352427191	0.399242113132982	0.396149814433256	0.397207213454772	0.395235926334552
0.399793394024808	0.399952744492667	0.400228443139713	0.402091357050548	0.399388937591079	0.39824162224617
0.400216963571962	0.39990455748059	0.400227183251289	0.403340856681499	0.400267400506088	0.400033253859288
0.399567088999263	0.400033354910732	0.400063373134872	0.399076897925401	0.40089867663043	0.399726653900818
0.399933830431597	0.400066445495973	0.400322413187238	0.400267766581981	0.397468712051565	0.398005065017376
0.400165205650045	0.39969731220362	0.400431207195438	0.398753584875422	0.401534024519021	0.40011626865461
0.400456065937715	0.400283743958311	0.400002293712352	0.400430846378642	0.397822863622553	0.399222188729035
0.40024470052182	0.400138027917603	0.399996641145673	0.401824774794565	0.400000113405632	0.402430551492591
0.399907035032108	0.399835333754764	0.399504347555551	0.39747044190085	0.395131401329249	0.399447996902096
0.40005408460705	0.400064301658652	0.400161240216619	0.400884927538581	0.397721029050459	0.400135561683102
0.400760068981422	0.399769838917411	0.399726530811277	0.400464580519839	0.39859056538411	0.39976543579471
0.399614976150726	0.399931138501701	0.400189890401998	0.393856666078409	0.401198420622924	0.403637125771546
0.400208074347374	0.399784378451442	0.399783498981989	0.39044569794872	0.398637190947127	0.402033438913189
0.399999648746301	0.400317090942304	0.399640125068598	0.394469408878845	0.398879382165631	0.400579473009888
0.400037276131046	0.400081263687047	0.399509917194952	0.400603950323369	0.395023785074056	0.400428691898143
0.400135789178051	0.399981369558914	0.400430162327745	0.403973028710064	0.400409836119172	0.40265267902518
0.400508384539823	0.400231596634357	0.399829905862315	0.398318813637544	0.401502226134155	0.399176436014354
0.400058408382435	0.400196886496302	0.400071216743043	0.397028564349771	0.400267362600358	0.401031390095833
0.400212515745681	0.400183638299766	0.400128716815727	0.399200626903922	0.39681466619577	0.401460981383252
0.400182071080766	0.400073737662308	0.400154021135845	0.401092329695473	0.398045199303406	0.400112558720745
0.400299288159606	0.399982868573625	0.399685687443389	0.399635052485428	0.399414652628848	0.399288434309885
0.399893523248743	0.400162071166186	0.400129922228194	0.395177514237251	0.399450884074382	0.396757383053338
0.400151898181751	0.399889894864455	0.400231453818581	0.397322627657321	0.399181697994568	0.40118933680877
0.400214295572077	0.399921567902107	0.400184366511769	0.397506050221645	0.396442659588763	0.400950824851522
0.400478768420821	0.400272675372406	0.40021253527418	0.401365289312062	0.40012002451189	0.402403705366612
0.399989456439768	0.399868430335689	0.400290480052816	0.402145170679153	0.400850816346355	0.397025010352019
0.400020542737249	0.399905430870267	0.399933366251054	0.403827887766648	0.40453920483491	0.39966762006146
0.399951738269587	0.400059157114957	0.400228194526906	0.39697773730491	0.395543692944976	0.396544871325898
0.400546242790955	0.400118999595884	0.400544297915807	0.399902340406287	0.400048445590846	0.3931810102865
0.400027445922182	0.400063616923391	0.399977837956548	0.40059382940165	0.400572553801252	0.39788271368254
0.400130594756224	0.400179676865033	0.400178486779046	0.403929258098148	0.398465338744267	0.39755392163494
0.399922903658269	0.39989346987655	0.399925892666203	0.400852632240454	0.401156963551787	0.399203830450963
0.400067711843689	0.400355233258775	0.399873920681057	0.400530014674555	0.398290770951606	0.397644941839092
0.399613354118195	0.399878898148519	0.399848410257391	0.39978263797186	0.398398987961943	0.40192228196798
0.400190915481615	0.400155151329019	0.399893984637236	0.39709966341212	0.394834991650905	0.397534492777435
0.400287287647262	0.399982699216188	0.400051357638864	0.39528798796975	0.399919011487479	0.400855892571936
0.400084794843005	0.399928832231602	0.400413690945762	0.398226007770609	0.400257258815627	0.399673984481363
0.400086764074951	0.400412295807961	0.400140319990257	0.396175575106049	0.397267996789924	0.396439649457614
0.400124971183171	0.400140479966784	0.400255693008855	0.397094681293402	0.399143120877444	0.39671098278145
0.40017199756507	0.399867399551856	0.400119658255857	0.401503400625386	0.399561641649801	0.401541359901712
0.400552481227134	0.400507176810931	0.39997183849988	0.398834873429141	0.398657741945198	0.400050494566752
0.400099566746594	0.400570052319443	0.399866352160989	0.402615766452282	0.399286038275146	0.398858751387566
0.400781806073989	0.400026228252439	0.400043298116448	0.399595731368692	0.398984157118305	0.398938636790668
0.400226987525072	0.400143355484987	0.400000410905734	0.396840913353473	0.399284625580929	0.394046891435224
0.399856877687586	0.400245790663519	0.400432883361321	0.398036090817585	0.400856787255437	0.400050333128693
0.399965347100476	0.40022687424614	0.400092400850175	0.398893654846549	0.398736271965607	0.399844690402293
0.400040490820727	0.399969080401861	0.400109389623044	0.39398802045413	0.406731919434652	0.401137631826807
0.400391086979984	0.400167157233558	0.400089944179273	0.39892725739857	0.400333207753085	0.399971947717507
0.400425136159284	0.400049654103935	0.399833999127278	0.398309492880204	0.396588278116829	0.397267214892658
0.400221691124572	0.400113660275013	0.399971941547179	0.399371794832377	0.39902630325821	0.396909188350893
0.400385267413564	0.399947086203817	0.399624776677441	0.398740799586327	0.402054630644507	0.400258145808202
0.400437556619013	0.400063468566142	0.400330747311291	0.406298091596312	0.399398408467196	0.398188520033679
0.400150202018003	0.400006972527537	0.400114948794039	0.395609747620468	0.397407389782922	0.401025940904723
0.400130781504612	0.400156522837489	0.400353732717554	0.401452650298172	0.397703890985814	0.400858476756637
0.399842525339593	0.400002621075192	0.400397734392354	0.398839555739136	0.39908126685763	0.399616861910551
0.399826410043642	0.399953876158035	0.399981660024763	0.398956167075921	0.398136425246553	0.399534223246732
0.400114551785042	0.400244667361068	0.400005675330329	0.401831998507505	0.401199275823689	0.398332486890313
0.400005423584733	0.399992905488317	0.400229713413766	0.3978331717547	0.400829798008862	0.400552942809923
0.400177523701099	0.400512323583217	0.399946748262298	0.400764438145641	0.39991745605151	0.399459214215401
0.400019118443953	0.400038693308705	0.40032813902346	0.398792742892269	0.402217585422139	0.402824892744396
0.399383671377067	0.4003381221281	0.400366308518594	0.396591133612918	0.398583606133925	0.395979963558362
0.400577670301291	0.400060850394812	0.400034318963643	0.399317483763051	0.398726041223034	0.391516639786531
0.400056494980867	0.400382908963445	0.399941770842953	0.403160375299859	0.400237015997474	0.400612302509437
0.400316105090278	0.400174592368	0.399720615564061	0.398898078593969	0.395352613603701	0.398167711159277
0.40115275954977	0.399963908895605	0.400080630753449	0.399775138521272	0.400046338320503	0.396315360960492
0.401111648771915	0.400040714297657	0.40040954953167	0.391207647977705	0.400274998174119	0.399821034691136
0.400777504427611	0.400116476703913	0.399762962647531	0.402966838258319	0.400323637391617	0.398714575311101
